 # Beta(m) -->1/T,	   Temperature(m) --> T
  0.16666666666666666        6.0000000000000000     
  0.16949152542372881        5.9000000000000004     
  0.17241379310344829        5.7999999999999998     
  0.17543859649122806        5.7000000000000002     
  0.17857142857142858        5.5999999999999996     
  0.18181818181818182        5.5000000000000000     
  0.18518518518518517        5.4000000000000004     
  0.18867924528301888        5.2999999999999998     
  0.19230769230769229        5.2000000000000002     
  0.19607843137254904        5.0999999999999996     
  0.20000000000000001        5.0000000000000000     
  0.20408163265306120        4.9000000000000004     
  0.20833333333333334        4.7999999999999998     
  0.21276595744680851        4.7000000000000002     
  0.21739130434782611        4.5999999999999996     
  0.22222222222222221        4.5000000000000000     
  0.22727272727272727        4.4000000000000004     
  0.23255813953488372        4.2999999999999998     
  0.23809523809523808        4.2000000000000002     
  0.24390243902439027        4.0999999999999996     
  0.25000000000000000        4.0000000000000000     
  0.25641025641025644        3.8999999999999995     
  0.26315789473684209        3.8000000000000003     
  0.27027027027027029        3.6999999999999997     
  0.27777777777777779        3.5999999999999996     
  0.28571428571428570        3.5000000000000000     
  0.29411764705882354        3.3999999999999999     
  0.30303030303030304        3.2999999999999998     
  0.31250000000000000        3.2000000000000002     
  0.32258064516129037        3.0999999999999996     
  0.33333333333333331        3.0000000000000000     
  0.34482758620689657        2.8999999999999999     
  0.35714285714285715        2.7999999999999998     
  0.37037037037037041        2.6999999999999997     
  0.38461538461538469        2.5999999999999996     
  0.40000000000000002        2.5000000000000000     
  0.41666666666666669        2.3999999999999999     
  0.43478260869565222        2.2999999999999998     
  0.45454545454545459        2.1999999999999997     
  0.47619047619047628        2.0999999999999996     
  0.50000000000000000        2.0000000000000000     
  0.52631578947368440        1.8999999999999992     
  0.55555555555555558        1.7999999999999998     
  0.58823529411764697        1.7000000000000002     
  0.62500000000000011        1.5999999999999996     
  0.66666666666666663        1.5000000000000000     
  0.71428571428571452        1.3999999999999995     
  0.76923076923076938        1.2999999999999998     
  0.83333333333333381        1.1999999999999993     
  0.90909090909090939        1.0999999999999996     
   1.0000000000000000        1.0000000000000000     
   1.1111111111111118       0.89999999999999947     
   1.2500000000000002       0.79999999999999982     
   1.4285714285714299       0.69999999999999929     
   1.6666666666666676       0.59999999999999964     
   2.0000000000000000       0.50000000000000000     
   2.5000000000000036       0.39999999999999941     
   3.3333333333333353       0.29999999999999982     
   5.0000000000000178       0.19999999999999929     
   10.000000000000036        9.9999999999999645E-002
